8030
9939
3384
8893
6326
5178
5159
873
9288
7352
3070
1404
8203
6244
6732
70
8936
2017
7681
5386
1026
7752
5441
2405
4231
5620
586
2541
2160
7066
1778
2396
7816
7936
3095
3876
8710
871
9852
4417
8466
928
4141
5455
8347
5735
2273
8950
1262
6945
1893
5394
5415
4307
2516
4089
4329
2606
8728
7960
1866
6230
253
7201
9481
6560
7642
2145
7082
5131
453
8231
778
9589
7481
9800
8358
5166
4011
1234
2264
8557
8227
3978
8169
6013
7859
8415
3756
8178
6577
943
1629
8700
7771
8251
7090
2684
65
8111
6245
8172
9416
5193
2655
1579
615
437
1969
2155
4732
8703
8578
2549
8165
7360
747
2034
2761
5498
2354
7823
7820
6113
4667
3580
2962
3790
6184
9280
2540
9262
4959
8610
2427
4000
8155
3712
3514
5392
622
8398
3954
5017
8256
6162
2799
1717
3426
8292
5270
6003
9718
9294
1844
9166
6597
7641
4276
3923
8765
291
3274
2776
7911
5877
1036
1855
7232
8610
4060
1979
1481
8889
7715
9091
4953
8125
44
2385
3363
786
7441
7431
4598
6924
5471
5891
1215
9860
6409
6895
7925
160
4983
7227
1187
8467
8279
1485
1696
6865
7516
8566
6973
3107
1516
785
6038
3778
6177
27
4263
5179
2772
4245
597
9935
3514
171
9075
1084
1085
5666
6330
5223
9386
6622
68
4435
2241
2343
9305
3413
2633
4556
4968
4176
1687
4539
9630
2900
7427
9631
5433
651
7807
4882
5204
5496
347
8448
3964
1399
8929
799
6870
8748
2860
7867
1959
7095
4345
1785
5724
1155
1794
3030
204
1860
8387
1283
6092
3793
2700
9646
5518
7534
8732
1701
3609
5964
1644
7308
8034
2072
9205
3932
2255
1463
7121
5646
4051
8481
5087
3159
9143
8225
9378
7233
244
5872
8758
7279
6305
6166
4840
14
661
9545
1984
1925
7125
8632
4462
2556
1485
3019
260
25
1389
6525
1295
6678
8539
6309
4044
9321
2901
6862
7015
978
942
9088
1529
1658
6866
5737
553
3222
6376
5953
4258
6281
7674
5205
8645
1165
7511
9627
8053
47
991
7152
4461
1215
68
8149
3222
8300
9929
8921
7277
5018
5011
9249
8093
9598
3348
338
4022
6166
4060
1329
3075
6408
7285
7110
4724
2699
9656
8873
7523
8899
6910
6226
5696
7749
3347
1540
6107
502
7663
6602
7771
9778
5416
9183
2186
6175
4684
4180
7161
4671
3965
9321
7860
3672
260
4674
8154
3066
4819
1671
1336
227
8699
4193
7684
6520
8689
7860
5904
6438
9136
5607
137
8673
997
5560
7801
2603
1821
247
2675
6436
6127
4070
10
4623
9073
6683
1870
620
1097
9650
7679
6630
8095
564
7071
1079
8371
7522
7037
4519
7187
4385
2772
5060
2983
5009
2516
699
9369
9036
5468
5481
5728
1921
9991
4935
1828
7997
2333
7028
7375
7618
5816
5688
5760
3418
3045
1636
2860
3830
2393
357
3105
4889
2344
2569
7457
2568
9663
6335
2736
9413
6624
9012
5046
5685
1055
5136
7806
935
5996
7420
5388
9881
3351
9526
2611
5933
894
4474
3759
8188
2235
8715
8586
9854
1169
8143
357
1148
9377
8210
3973
9572
4564
5243
6034
3089
6058
7716
5325
125
7326
9290
6248
9715
9429
5340
4440
3205
7728
5870
9016
8390
1310
9384
1214
3431
3576
7974
3530
2973
8306
5291
9651
127
6590
8151
3028
779
2349
6095
7129
9614
5812
6940
2123
7912
5586
5812
263
9372
907
104
3399
5388
2109
2196
5741
8969
7249
7882
8272
2844
7443
1879
8566
9297
3226
7280
7924
3886
8972
7898
6950
1187
1673
8516
6452
1060
7841
4333
1100
8042
2062
2445
4464
517
6442
5336
57
3058
8374
2733
3637
8833
5226
7151
6063
6170
6042
3156
7745
116
9715
5090
4356
7701
7047
1634
2034
9982
6460
5685
2887
5933
6305
8160
5455
8721
8733
9565
1387
4616
3952
7389
7244
2774
7062
8843
6071
1435
7910
1140
886
9270
2686
63
1678
2412
6615
7976
443
5459
3900
1125
5140
2044
3842
1425
7449
8818
8076
5949
8411
6087
6190
9155
7465
4397
9325
9378
6527
3867
4091
1886
8146
2254
4699
1951
4165
8912
6794
5249
1436
177
3210
8823
136
4599
4079
6973
3887
6222
3162
547
4838
7273
6465
5403
8206
77
40
7787
680
771
9477
5731
7054
4470
3885
1497
7862
2145
6290
8026
308
1672
6313
8260
5547
8193
2467
8213
7351
6769
4966
7068
6250
5041
1522
7974
9016
1041
3453
5596
4688
9752
5255
1224
4519
8711
6692
7254
5166
1953
1518
8304
3994
1941
1059
2387
3809
5125
116
9362
1525
527
990
9490
8362
2085
7130
5310
4327
3166
4435
4412
314
8044
5892
5903
8975
7663
6589
5483
2421
6802
4456
2369
1045
4005
145
5621
7559
5397
4927
4701
356
6863
7405
9140
4604
9450
9986
5177
297
9248
3629
7853
5333
7000
6365
5968
2169
7425
1614
7999
635
5161
6187
9186
4123
9175
8737
1664
9384
4856
4432
7039
7809
3804
2619
8261
1788
7184
1887
4544
1852
850
9308
4325
2351
5047
7127
1145
7244
2893
2306
5270
4993
5417
9326
6494
6442
7191
4415
5128
3492
6229
8610
6976
2810
5194
3037
9975
5401
6655
8072
6201
9339
61
9034
4982
4512
3487
6081
3455
2682
1076
907
6347
7855
2423
9192
3117
1361
39
4551
3886
4701
3323
8877
809
7274
4310
5098
9000
8024
1561
5493
4671
1801
4732
2716
4005
3022
5561
3267
4327
5834
1321
1227
4520
129
132
3488
8542
4428
6044
5085
2283
8014
5263
8327
5957
7431
7872
9098
6278
3962
3180
9457
8944
9559
6664
113
5423
2792
9365
2718
1195
5606
1513
8406
911
6867
5739
1886
6069
9543
8311
1764
6280
8270
8263
7178
53
139
7251
24
7016
8740
9119
7391
4879
8021
4996
1881
2202
315
7356
8612
949
7091
8618
6528
6816
1950
5274
7223
4024
2567
5922
8720
1449
4914
3257
1844
7684
6431
3674
2656
2587
4391
560
6550
3046
7747
6392
3758
2178
8661
2000
2336
9765
109
4286
5285
8611
1558
390
1607
3487
116
7552
3408
468
6455
5508
8255
5836
9362
9036
2326
3749
9812
8615
7562
6154
7736
422
542
6767
3481
5938
1831
4153
7587
8388
1992
1338
5329
6065
2418
4737
491
6801
4115
9424
3237
6654
8060
7334
7771
8059
6098
7881
6564
7208
7515
5622
5674
6632
2442
958
2203
8069
4628
6577
9494
1792
993
9413
732
6340
1311
7739
1013
8613
9259
1153
4975
7997
8263
2210
3062
7258
42
6530
3934
4553
8629
2394
7979
9251
1875
7301
2543
6029
6536
2853
9737
2777
8282
6893
2811
182
3589
3885
2418
5362
4907
4263
6163
6234
9100
8875
567
5339
8020
5658
3183
7626
7336
3042
4585
4348
8007
4332
9477
1414
6655
6807
4790
8625
62
8946
4878
9917
9682
1683
7716
4624
9396
2258
6918
816
3825
4618
3964
3203
3522
2605
2310
7150
7291
1671
698
9852
2591
2949
2505
5483
6957
9216
123
109
2695
5128
3140
4612
2550
1473
5190
4816
8534
5111
7087
9802
3109
9983
6142
1195
9336
6834
5553
1731
4959
4398
6619
5260
3170
5207
6417
2750
6689
2905
1204
9668
6748
1779
5833
5210
8971
8281
5760
5929
4476
7774
3642
8649
6724
8142
3437
9819
3396
5320
4587
9972
5320
8103
8867
2181
7378
4279
3338
9626
7047
7386
28
6560
1251
3984
6423
1100
3426
3193
9573
6346
5805
1680
1187
5132
9363
1152
2467
6026
3847
5179
6017
9316
3516
4793
3523
3748
8746
2190
4169
7458
2456
2527
3081
2957
1459
256
8752
4414
6516
5629
8734
9442
3193
377
673
5569
209
5637
5310
453
2254
3062
3169
4482
9286
4366
315
247
3582
3845
8954
4745
4387
2063
7567
6500
1462
7864
921
6761
3162
3788
8422
5153
1933
8106
4363
4231
7002
3974
1435
1666
1146
1617
3021
1551
5261
8361
1249
8817
4817
1890
799
7667
8836
4846
2147
1508
5029
3212
1016
2024
8722
4153
1652
9394
1219
4675
8363
9994
198
5264
812
5046
2686
9230
2641
8251
3988
7697
9979
3507
4075
9947
8158
2810
9002
8083
157
3956
6230
3936
9833
4862
7844
4321
2299
9200
3014
9521
7605
1104
7549
4988
9683
7284
1891
2540
2268
8623
2611
4154
8538
2580
1836
7198
4256
1368
5106
9915
3779
6429
8030
2760
3967
6459
9339
6221
261
9100
8188
5655
2420
6538
529
6533
1227
9166
5836
7021
4947
5485
7277
7147
3948
8926
4726
2244
54
4575
4500
3424
7090
208
7049
1436
9079
7987
7748
1809
7673
3895
6283
805
463
9462
4430
3234
4182
4541
1668
615
2420
7079
9779
8088
9185
789
2412
646
176
4070
2925
7443
6554
8672
6085
7632
2166
5181
2523
3545
5324
585
924
5480
6373
5583
1917
9605
9113
5506
8007
3808
3053
8690
4230
363
7961
4519
826
6521
8208
8680
2157
9226
3403
4487
3665
9274
3461
4661
9074
7162
3543
3741
2610
8996
2913
1827
2269
350
8626
575
7294
9347
8086
3090
630
59
2448
6200
3220
418
6800
5861
9183
1703
9384
1036
274
8779
1572
9020
6781
8997
3849
1732
660
4462
8303
1179
2482
7270
6664
3321
8376
43
4352
5817
3510
8852
6281
2070
2377
3051
5091
1477
9832
8810
8261
2728
8404
2708
9152
6167
2240
2176
9654
5993
9127
8956
3774
4532
4786
2279
6591
77
6357
5271
1602
4518
6468
8940
8541
306
1045
8574
5384
9515
211
961
453
4994
6767
8064
6653
4212
2068
1829
6734
2788
3098
6849
9725
8905
9893
3404
906
1731
6443
9024
2307
8739
2172
5600
2312
5601
758
5678
5238
6808
8863
4424
1248
3931
5272
5629
4529
8615
1306
6695
7819
3037
7037
9151
3870
1896
208
2673
5791
6635
9267
4928
1261
2050
4321
5524
8107
3689
7847
6970
8342
234
129
2476
599
1030
4355
6086
8171
3247
7737
9212
7057
723
2953
3688
2304
6258
4569
9147
1166
5881
3211
6861
915
128
6917
358
1773
461
4251
9262
3238
913
1221
3792
8711
3107
569
2809
1060
1115
1815
9895
7848
4524
6788
1342
2520
5986
968
7644
4535
753
2214
8919
2869
575
9770
6289
7154
569
301
2962
881
4952
3079
2084
9075
730
9428
469
9503
4886
7119
7809
2279
9613
5803
3635
4976
8822
1083
2338
2825
9107
5780
7333
7210
9246
5233
2739
9877
4932
4934
5065
6300
5980
9345
2748
2508
4055
3363
586
6028
2262
7765
8114
7429
6607
3733
867
903
6534
6328
7404
942
7330
8404
6965
4525
7882
792
304
841
9561
1983
5029
9795
3484
7606
9991
6362
5802
8104
3897
8112
5274
8764
2822
7213
128
595
2348
4950
7864
6509
8954
7496
2032
5584
3264
9945
2808
4554
9117
1907
7844
5000
4302
8052
8172
928
4491
1572
8235
4486
1946
4231
4135
9386
5480
4169
8245
7804
7609
5841
1219
9599
7877
9733
4072
9492
3165
5132
9209
2162
3139
5533
1047
7470
9510
6787
1125
6367
2735
3845
7776
3754
8814
7466
1508
6668
7758
3811
8079
4872
6842
7865
9518
4817
7687
6265
6620
3333
3631
99
8939
4146
5726
6064
7066
5682
4355
41
234
421
6104
9896
2500
2366
3939
4731
7174
1351
7458
1929
5468
54
7104
6588
4593
8657
5869
4403
5544
9789
6033
5412
219
5129
2166
8622
4808
8357
4809
7735
4417
3706
3845
2864
1587
2337
3578
2663
4453
2834
2376
1045
6177
5878
9300
9756
7840
3214
4490
5896
5971
7463
5966
4750
2838
1399
974
5950
4761
2832
2630
9792
5908
9328
3636
7330
3331
1800
5253
3730
9071
3467
6783
7772
8808
8013
1972
243
8987
2843
5396
7637
3571
310
3331
9397
2072
2405
958
2273
6764
9578
8977
4117
6458
310
4291
2512
8746
5495
2684
4241
8372
9909
4362
2980
7813
9775
4769
4106
613
8502
4569
1620
1307
9384
7696
2782
6552
5377
6228
8747
2711
6797
1777
1150
8568
4671
6049
4619
1083
8465
9121
3864
4925
899
8151
3201
1835
8210
8481
310
9975
23
2417
1549
2196
774
3502
6717
8977
8116
6344
3006
276
6560
221
7039
6825
4040
5844
7784
4420
8547
7490
652
5497
7940
8979
5740
9360
5901
7672
4207
6329
1366
2108
4430
9790
5608
9038
9005
1712
2470
5031
5368
6145
603
1893
1094
4783
8672
9678
2002
5494
7815
6062
330
9383
6812
3407
1530
4395
8978
3900
4628
6712
4238
8085
1528
2620
5534
5340
1581
5490
128
9611
2073
2066
8293
5025
7550
9733
1207
1001
7971
5718
9397
4404
1887
3887
9735
9465
3241
836
4994
2531
6638
1309
7455
3295
2825
2825
8696
4114
3392
5963
9678
2111
9319
1230
8439
9036
4494
4307
1758
996
8907
5585
4639
9688
4232
6142
2457
7731
471
8903
901
1844
8374
4743
6782
8738
6999
7039
4460
3404
668
204
1632
3244
4953
2950
9222
1760
8311
6083
2669
7698
9790
9994
3001
6515
2893
9868
2729
6577
9729
1459
9872
1202
4971
6296
5166
7255
769
3809
4011
8439
6806
9899
1015
3257
2737
36
3297
8450
1524
7479
9054
3682
3314
5514
6182
8787
1106
4171
6972
2654
1274
9155
3813
7093
9583
1543
8896
8352
5071
3824
7240
5726
6214
9523
7997
9468
5628
1024
1021
354
3235
2833
5712
9821
7086
9637
9325
8322
4644
3590
3815
3659
2132
3743
3566
39
2526
3867
1629
1235
4086
5879
2387
5675
110
5515
8872
2586
8820
4182
1763
6319
7470
7482
3196
381
8668
7730
3661
4184
3357
9046
2425
5264
8158
7302
1076
2944
949
1201
6118
3434
6686
4727
7936
7243
6557
1459
7759
3579
9972
662
9699
2096
2787
9064
2522
7052
5344
8260
7455
728
3038
1759
2895
3312
1488
7121
2511
409
492
1143
7862
7808
1272
5760
7851
4338
3090
9441
5637
6541
6831
6529
9951
6734
1437
695
8226
5130
4421
837
7005
5603
6680
7957
7285
904
8037
8507
3081
1632
6886
6366
4971
5036
6197
7538
3587
3384
6839
8352
9257
5293
5643
8727
905
1788
5065
4918
9370
9381
930
6099
2978
7796
5771
6866
8497
5776
1013
9521
673
1461
4524
7705
1482
8478
8583
1603
469
6410
9361
4030
1126
4238
307
405
6583
4508
118
8451
7959
6138
1097
1006
5363
6705
7350
5062
8840
8539
3501
1370
7013
2397
1399
1933
9308
5524
3584
4887
478
4407
5086
1702
3341
7529
20
5918
9873
4996
8206
3814
2415
3256
4075
3818
9038
3090
9698
7262
7544
6822
5840
3128
3897
7994
8170
1500
6708
2720
7351
7092
5360
9072
3907
3499
1944
3283
4362
8871
1763
546
1107
5865
930
6476
1126
4584
9252
4123
9966
57
5365
6786
6347
3414
3891
3427
7485
5568
3553
749
3871
7631
3696
997
1506
9150
1102
6511
8481
8780
3366
6250
3504
932
9322
2523
3068
8963
2428
9540
4056
7583
4526
6382
3943
3809
1739
8583
6766
1124
882
5566
2837
4003
1931
5079
2792
5014
5253
8727
8092
5927
1384
4179
33
2306
5432
3481
9488
2013
1940
4570
6889
6805
5595
1898
6440
1075
9148
380
9409
7211
548
148
7011
6908
3332
7275
4580
2074
4607
2488
6204
8005
6456
6142
8194
9962
8201
4629
715
2117
7152
6535
7380
9438
5652
6046
7393
4672
6505
9209
8741
3530
3865
4958
2497
7632
3966
9832
1971
6096
5216
2002
6571
6088
9632
7961
8296
5472
4538
9925
895
8553
8071
2559
1259
6187
7122
6930
2949
9822
490
2883
4509
6451
94
3244
2679
5406
3832
5886
5524
1689
4198
9075
9736
7753
6124
1459
3710
5508
3503
7904
3232
5457
4300
8899
9842
4671
8097
9802
4350
6296
5736
1263
7996
404
485
717
2877
9390
1012
7205
2088
4622
3004
6782
166
7628
5533
2501
204
3806
189
1348
2652
1683
7216
8722
7821
7422
59
6644
1043
970
8557
1166
3604
2416
6310
4226
6151
639
7563
3854
9828
7055
7014
7266
1420
8376
7723
2506
9915
4962
4607
4167
1171
8732
6567
7816
3072
6147
1751
425
32
3064
9523
3861
5088
5969
2956
4808
3104
5928
6809
2933
5075
2109
3663
1713
717
5601
3833
5431
9563
2010
2478
1066
7568
3228
3970
880
4046
6689
7143
142
3990
2254
2002
1332
7083
1246
4072
5054
855
3826
1405
2483
6834
994
1125
2289
4089
5982
5764
9464
9840
9767
7436
1590
994
317
3610
7640
5231
564
5228
7915
6532
5175
9941
9349
2143
4210
7768
4181
7618
9694
3104
4582
7193
7798
3642
7690
6179
6712
1288
4354
5779
8348
2278
5072
4289
4875
4660
1847
5705
8281
3017
276
8373
2721
3367
1962
6915
7097
2993
3045
8168
1611
6539
8556
1137
7044
4330
4133
6784
2156
3778
3543
9486
4669
9562
6445
9057
2373
3312
6268
2948
2379
7996
2514
962
2880
8568
5664
1353
4744
689
6245
9613
3848
9376
8162
224
7519
2701
356
7513
447
955
4998
5008
6314
706
8851
2024
8054
9689
3009
8747
2882
1220
7115
9464
3208
7332
5213
3848
9691
4916
7470
2426
7935
3902
7178
2773
8797
4536
347
1852
4485
1586
9109
2590
9555
5662
9297
3656
8086
1197
3758
3212
54
7711
9826
8417
2881
4625
764
9290
4108
1557
8309
7426
4848
4699
1796
3566
7952
8758
3783
8875
7431
8225
2457
1238
2473
9091
9425
4734
7024
7917
2607
227
9460
2699
7183
8890
6036
9165
5711
4321
8881
1751
1958
8080
6287
2852
9417
5013
4940
5966
4543
3465
4518
4624
6382
2533
1339
3750
734
3434
3412
9467
3499
4390
8337
207
9201
1962
7283
8428
7824
2387
7192
5827
5526
8849
7308
8992
5847
5710
4189
9958
433
8489
4733
5086
494
2372
8208
6806
1237
8452
3829
3142
3218
2258
9407
1809
6551
8579
5992
9038
7990
7264
4579
2501
3071
2157
512
797
2216
396
1140
1628
6060
4013
6995
7014
8758
3963
552
4360
6325
1207
4975
5915
363
